[/tmp/zathura.stdin.GZQLM1]
page=6
offset=0
zoom=1.5385583707504811
rotate=0
pages-per-row=1
first-page-column=1:2
page-right-to-left=false
position-x=0.5
position-y=0.9594321090541047
time=1653284390
jumplist=

[GdhKt9+nY5GrRjXvI7aVcLNbiZlQW88vmQsb2lJi/TA=]
page=6
offset=0
zoom=1.5385583707504811
rotate=0
pages-per-row=1
first-page-column=1:2
page-right-to-left=false
position-x=0.5
position-y=0.9594321090541047
time=1653284390
